1.3713800405747953,1.3713800405747953
1.5328427527943116,1.5328427527943116
1.6170078456564476,1.6170078456564476
1.414506954463833,1.414506954463833
1.534350099101617,1.534350099101617
1.410986959543236,1.410986959543236
1.4214268238265082,1.4214268238265082
1.4605136897908426,1.4605136897908426
1.668139313680192,1.668139313680192
1.585706750208671,1.585706750208671
3.5295383078044393,3.5295383078044393
3.2932059910053813,3.2932059910053813
3.4255552029818,3.4255552029818
3.724210941409608,3.724210941409608
3.614243664359364,3.614243664359364
3.6469725239874062,3.6469725239874062
3.561285587635576,3.561285587635576
3.421152606382377,3.421152606382377
3.5084275246957817,3.5084275246957817
3.535421927003258,3.535421927003258
5.604267241258269,5.604267241258269
5.310176184940423,5.310176184940423
5.536713652503577,5.536713652503577
5.386919778686883,5.386919778686883
5.234603743426063,5.234603743426063
5.575714848850137,5.575714848850137
5.34338034397851,5.34338034397851
5.46635157351121,5.46635157351121
5.70070376923011,5.70070376923011
5.494007381973966,5.494007381973966
7.514045239681712,7.514045239681712
7.404644349482737,7.404644349482737
7.551997407764198,7.551997407764198
7.496623346068665,7.496623346068665
7.473465707728508,7.473465707728508
7.418536851027674,7.418536851027674
7.493602074182509,7.493602074182509
7.417149911519503,7.417149911519503
7.592245184448301,7.592245184448301
7.471771200662083,7.471771200662083
9.434523363405207,9.434523363405207
9.424771887917089,9.424771887917089
9.567911241308785,9.567911241308785
9.607193279857569,9.607193279857569
9.43533909421272,9.43533909421272
9.512609753970624,9.512609753970624
9.559452530427794,9.559452530427794
9.526059947239563,9.526059947239563
9.561102812590052,9.561102812590052
9.54166896458052,9.54166896458052
11.684650434663173,11.684650434663173
11.66427773769761,11.66427773769761
11.456249748288037,11.456249748288037
11.471061934289873,11.471061934289873
11.314612347510288,11.314612347510288
11.415724345494004,11.415724345494004
11.612257816266107,11.612257816266107
11.565789152839638,11.565789152839638
11.517284536054932,11.517284536054932
11.5858522118011,11.5858522118011
13.378916605824841,13.378916605824841
13.657993710377946,13.657993710377946
13.472541366973687,13.472541366973687
13.521023266009907,13.521023266009907
13.645880564343164,13.645880564343164
13.337475973934067,13.337475973934067
13.520406174641,13.520406174641
13.47999696751019,13.47999696751019
13.418671430738755,13.418671430738755
13.37422002661905,13.37422002661905
15.539260032097577,15.539260032097577
15.62891137577731,15.62891137577731
15.553864342358487,15.553864342358487
15.537119143192829,15.537119143192829
15.484675641635018,15.484675641635018
15.557488944586686,15.557488944586686
15.464502195088825,15.464502195088825
15.418516840094476,15.418516840094476
15.44189826243805,15.44189826243805
15.449834657248928,15.449834657248928
17.419614783665995,17.419614783665995
17.37605438986158,17.37605438986158
17.496200593890915,17.496200593890915
17.523372469607327,17.523372469607327
17.61150223845672,17.61150223845672
17.394566167930165,17.394566167930165
17.34436610668973,17.34436610668973
17.57297456772642,17.57297456772642
17.449638052459484,17.449638052459484
17.41669914895143,17.41669914895143
19.466892901603224,19.466892901603224
19.403176106841798,19.403176106841798
19.445673909844572,19.445673909844572
19.46551363472316,19.46551363472316
19.51323483486592,19.51323483486592
19.462432439585633,19.462432439585633
19.42417116919443,19.42417116919443
19.51442242964429,19.51442242964429
19.412900631239935,19.412900631239935
19.409234632978553,19.409234632978553
